Unnamed: 0,Jacket,Upper,Lower,Dress,Shoes,Bags,TryOnImage1,TryOnImage2,TryOnImage3,TryOnImage4,Style,Occasion,JacketName,JacketColor,JacketPattern,JacketSleeves,JacketCollar,JacketType,JacketType2,JacketShape,JacketMaterial,JacketFAB,UpperName,UpperColor,UpperPattern,UpperSleeves,UpperCollar,UpperType,UpperType2,UpperShape,UpperMaterial,UpperFAB,LowerName,LowerColor,LowerPattern,LowerSleeves,LowerCollar,LowerType,LowerType2,LowerShape,LowerMaterial,LowerFAB,DressName,DressColor,DressPattern,DressSleeves,DressCollar,DressType,DressType2,DressShape,DressMaterial,DressFAB,ShoesName,ShoesColor,ShoesPattern,ShoesSleeves,ShoesCollar,ShoesType,ShoesType2,ShoesShape,ShoesMaterial,ShoesFAB,BagsName,BagsColor,BagsPattern,BagsSleeves,BagsCollar,BagsType,BagsType2,BagsShape,BagsMaterial,BagsFAB,ReasonsCh,ReasonsEn
Outfit 1,,,,RR2255310309,RR0000000000,,https://maistyle01.oss-cn-shanghai.aliyuncs.com/outfit_tryon/woman/Outfit%201/upload_woman_outfit1_1.jpg,https://maistyle01.oss-cn-shanghai.aliyuncs.com/outfit_tryon/woman/Outfit%201/upload_woman_outfit1_2.jpg,https://maistyle01.oss-cn-shanghai.aliyuncs.com/outfit_tryon/woman/Outfit%201/upload_woman_outfit1_3.jpg,,经典典雅,"办公室, 商务晚宴, 约会夜晚, 鸡尾酒活动",,,,,,,,,,,,,,,,,,,,,,,,,,,,,,,连衣裙,经典黑,纯色无图案，星形纽扣装饰,无袖,圆领,连衣裙,连衣裙,,主料：78.7%粘纤 21.3%聚酯纤维,设计FAB：整套穿着端庄优雅，开衫和连衣裙的领圈和袋贴部分采用了黑白小香重工珠钻织带作为装饰，与门襟重工钻扣相呼应，提升整体造型的精致度。纱线FAB：粘胶尼龙材质在春夏季十分热销 高弹挺阔,高跟鞋,黑色,纯色,—,—,鞋,鞋履,,帮面材质：羊皮革,设计FAB：以经典尖头后空楦型搭配黑色亮面羊皮革，经典楦型易适配大众，亮面牛皮革自带高级光泽与质感，能轻松融入职场、约会等场景，为穿搭奠定优雅精致基调。鞋材FAB：鞋底用防滑耐磨橡胶，鞋面是好打理的亮面羊皮革，橡胶底抓地力强、耐穿，亮面皮革易清洁，行走更安全，还能让鞋子长久保持良好外观。工艺FAB：凭借精细鞋面拼接工艺，让鞋子线条流畅、整体感与精致感更强，从细节彰显品质，提升造型高级感，适配多样穿搭，满足对品质与独特性的追求。,,,,,,,,,,,这一套服装的设计理念在于细节与质感的平衡，整套穿着端庄优雅，开衫和连衣裙的领圈和袋贴部分采用了黑白小香重工珠钻织带作为装饰，与门襟重工钻扣相呼应，提升整体造型的精致度。纱线FAB：粘胶尼龙材质在春夏季十分热销 高弹挺阔 让你在任何场合都能轻松展现自信与气质。,"Designed with a balance of detail and texture, 整套穿着端庄优雅，开衫和连衣裙的领圈和袋贴部分采用了黑白小香重工珠钻织带作为装饰，与门襟重工钻扣相呼应，提升整体造型的精致度。纱线FAB：粘胶尼龙材质在春夏季十分热销 高弹挺阔 it lets you express confidence and grace effortlessly."
Outfit 3,,RR2256241359B,RR2256430938,,RR0000000102,RR2256520510,https://maistyle01.oss-cn-shanghai.aliyuncs.com/outfit_tryon/woman/Outfit%203/upload_woman_outfit3_1.jpg,https://maistyle01.oss-cn-shanghai.aliyuncs.com/outfit_tryon/woman/Outfit%203/upload_woman_outfit3_2.jpg,,,优雅时尚,"约会夜晚, 办公室",,,,,,,,,,,长袖毛衫,黑色,格纹暗纹,长袖,木耳边高领,,上装,,主料：80%绵羊毛 ，20%山羊绒,设计FAB：采用经典的黑色基础色，易于搭配各种服饰，展现出简约而不失时尚的风格。毛衣的领口设计为透明荷叶领，增添了女性化的柔美细节，使整体造型更加精致。钥匙与logo图案错落排布，巧妙地融入设计之中，既彰显了品牌特色，又为毛衣增添了一抹独特的时尚感。面料FAB：羊毛羊绒混纺材质，柔软保暖，亲肤舒适，兼具品质与实用性。,针织裤,米白色,口袋处精致装饰,—,—,长裤,下装,,面料：86%绵羊毛，14%聚酯纤维+，聚酯薄膜纤维，里料：100%聚酯纤维,设计FAB：版型为长款喇叭裤，修饰腿部线条遮盖腿部缺点，喇叭裤的裤腿从膝盖以下开始逐渐变宽，能够很好地遮盖小腿的粗壮部分，使腿部看起来更加修长和匀称。整体裤型形成一种视觉上的拉伸效果，能够拉长腿部线条，让穿着者显得更高挑。工艺FAB：腰部和袋盖采用进口花纱进行拼接，袋盖上手工缝制定制织带，内里腰头拼接日本进口出芽织带滚绳。更添一份精致感。                                                                                           面料FAB：面料为羊毛针织面料，兼顾了羊毛舒适保暖的特性，还带有独特的金葱纱线，视觉上更为精致。,,,,,,,,,,,米色,纯色,—,—,—,,,,,,,,,,,,,,,,这款造型整体散发出独特的魅力，采用经典的黑色基础色，易于搭配各种服饰，展现出简约而不失时尚的风格。毛衣的领口设计为透明荷叶领，增添了女性化的柔美细节，使整体造型更加精致。钥匙与logo图案错落排布，巧妙地融入设计之中，既彰显了品牌特色，又为毛衣增添了一抹独特的时尚感。面料FAB：羊毛羊绒混纺材质，柔软保暖，亲肤舒适，兼具品质与实用性。...,"This outfit radiates a unique sense of charm, 采用经典的黑色基础色，易于搭配各种服饰，展现出简约而不失时尚的风格。毛衣的领口设计为透明荷叶领，增添了女性化的柔美细节，使整体造型更加精致。钥匙与logo图案错落排布，巧妙地融入设计之中，既彰显了品牌特色，又为毛衣增添了一抹独特的时尚感。面料FAB：羊毛羊绒混纺材质，柔软保暖，亲肤舒适，兼具品质与实用性。 版型为长款喇叭裤，修饰腿部线条遮盖腿部缺点，喇叭裤的裤腿从膝盖以下开始逐渐变宽，能够很好地遮 simple yet refined — a timeless combination worth keeping."
Outfit 4,,RR2256241359B,,RR2256310045,RR0000000105,RR1256520553,https://maistyle01.oss-cn-shanghai.aliyuncs.com/outfit_tryon/woman/Outfit%204/upload_woman_outfit4_1.jpg,,,,经典典雅,"办公室, 商务晚宴, 面试",,,,,,,,,,,长袖毛衫,黑色,格纹暗纹,长袖,木耳边高领,,上装,,主料：80%绵羊毛 ，20%山羊绒,设计FAB：采用经典的黑色基础色，易于搭配各种服饰，展现出简约而不失时尚的风格。毛衣的领口设计为透明荷叶领，增添了女性化的柔美细节，使整体造型更加精致。钥匙与logo图案错落排布，巧妙地融入设计之中，既彰显了品牌特色，又为毛衣增添了一抹独特的时尚感。面料FAB：羊毛羊绒混纺材质，柔软保暖，亲肤舒适，兼具品质与实用性。,,,,,,,,,,,连衣裙,黑色,纯色,无袖（连衣裙）,V 领,连衣裙,连衣裙,,100%绵羊毛， 连接线除外,设计FAB：深V领设计可以视觉上拉长颈部线条更显优雅，其次V领适合叠搭多种不同领型的内搭。A型剪裁裙身可以很好的掩饰腰部线条，高腰位的装饰腰带拉长下半身比例，结合膝上长度更加显高显瘦。侧片的分割线条同样在视觉上显得穿着者更加修长。后中叠门襟设计使穿脱更容易，同时增加了设计层次感和整体丰富度，后中扣子和前片腰带的扣子相互呼应加强衣服的整体性；独有的5孔logo牛角扣也增加了品牌辨识度彰显身份。面料FAB：正反双色100%羊毛双面呢，无里衬设计更轻便，双层羊毛结构锁住空气，保暖性佳。双面支撑力避免软榻保持廓形感。工艺FAB：双面呢衣服需要工人手工制作，工艺费时费力，隐藏式缝线处理使得内外均无毛边，穿着舒适，更显高级。,黑色,纯色,—,—,—,,,,,,,,,,,,,,,,这款造型以舒适与时尚并存为核心，采用经典的黑色基础色，易于搭配各种服饰，展现出简约而不失时尚的风格。毛衣的领口设计为透明荷叶领，增添了女性化的柔美细节，使整体造型更加精致。钥匙与logo图案错落排布，巧妙地融入设计之中，既彰显了品牌特色，又为毛衣增添了一抹独特的时尚感。面料FAB：羊毛羊绒混纺材质，柔软保暖，亲肤舒适，兼具品质与实用性。...,"This look combines comfort and sophistication, 采用经典的黑色基础色，易于搭配各种服饰，展现出简约而不失时尚的风格。毛衣的领口设计为透明荷叶领，增添了女性化的柔美细节，使整体造型更加精致。钥匙与logo图案错落排布，巧妙地融入设计之中，既彰显了品牌特色，又为毛衣增添了一抹独特的时尚感。面料FAB：羊毛羊绒混纺材质，柔软保暖，亲肤舒适，兼具品质与实用性。 深V领设计可以视觉上拉长颈部线条更显优雅，其次V领适合叠搭多种不同领型的内搭。A型剪裁裙身可 simple yet refined — a timeless combination worth keeping."
Outfit 8,,,,RR2255310952,RR0000000108,,https://maistyle01.oss-cn-shanghai.aliyuncs.com/outfit_tryon/woman/Outfit%208/upload_woman_outfit8_1.jpg,https://maistyle01.oss-cn-shanghai.aliyuncs.com/outfit_tryon/woman/Outfit%208/upload_woman_outfit8_2.jpg,,,优雅时尚,"约会夜晚, 派对活动, 鸡尾酒活动",,,,,,,,,,,,,,,,,,,,,,,,,,,,,,,连衣裙,裸粉,蕾丝拼接 + 缎面光泽,无袖,V 领,连衣裙,连衣裙,,面料：100%桑蚕丝，针织：100%绵羊毛含微量其他纤维，里料：100%聚酯纤维,设计FAB：秀款，收腰吊带连衣裙，后背采用露背的设计语言，十分具有女人味。收腰的设计，增强腰臀比显腰细。工艺FAB：吊带部分采用手工毛织钩针工艺，各种组织花型相互交迭，与下摆真丝料形成对比，增加丰富度。面料FAB：吊带部分纱线采用羊毛材质，颜色为品牌订制粉色，娇俏不显俗气。下摆部分采用真丝材质，面料光泽感强，随着步伐摆动波光粼粼。,裸色,漆皮纯色,—,—,—,,,,,,,,,,,,,,,,这款造型以舒适与时尚并存为核心，秀款，收腰吊带连衣裙，后背采用露背的设计语言，十分具有女人味。收腰的设计，增强腰臀比显腰细。吊带部分采用手工毛织钩针工艺，各种组织花型相互交迭，与下摆真丝料形成对比，增加丰富度。面料FAB：吊带部分纱线采用羊毛材质，颜色为品牌订制粉色，娇俏不显俗气。下摆部分采用真丝材质，面料光泽感强，随着步伐摆动波光粼粼。 让你在任何场合都能轻松展现自信与气质。,"This look combines comfort and sophistication, 秀款，收腰吊带连衣裙，后背采用露背的设计语言，十分具有女人味。收腰的设计，增强腰臀比显腰细。吊带部分采用手工毛织钩针工艺，各种组织花型相互交迭，与下摆真丝料形成对比，增加丰富度。面料FAB：吊带部分纱线采用羊毛材质，颜色为品牌订制粉色，娇俏不显俗气。下摆部分采用真丝材质，面料光泽感强，随着步伐摆动波光粼粼。 it lets you express confidence and grace effortlessly."
Outfit 9,RR2256120756,RR2256241359B,,RR2256310045,RR0000000106,RR1256520554,https://maistyle01.oss-cn-shanghai.aliyuncs.com/outfit_tryon/woman/Outfit%209/upload_woman_outfit9_1.jpg,https://maistyle01.oss-cn-shanghai.aliyuncs.com/outfit_tryon/woman/Outfit%209/upload_woman_outfit9_2.jpg,,,经典典雅,"办公室, 面试, 商务晚宴",皮衣,浅灰,纯色荔枝纹 + 胸口刺绣 Logo,长袖,翻领夹克,,上装,,材质：，皮料：羊皮革，里料：100%聚酯纤维，含聚酯/聚酯复合纤维,设计FAB：1、经典短款方正剪裁，衣长精准控制在腰部上方，视觉优化身材比例，适配多样穿搭风格；2、立体翻领造型，领面弧度经多次调试定型，兼顾洒脱气质与颈部舒适度；3、前胸两侧设计有工装口袋，提升实用性（可收纳小物），口袋盖设计防丢失，同时强化工装风视觉层次；4、前门襟采用金属拉链闭合，提升硬朗风格，与皮质形成质感对比。5、暖灰的中性色调易搭配，不挑肤色，低调且有质感。面料FAB：选用进口全桶染无涂饰绵羊皮，皮面纹理细腻自然，其表面纹理是通过机械转动自然摔出来的非常自然且不规则，每张皮的纹理都是不一样的，跟市场普通压花皮是完全不一样的，光泽自然休闲，厚度适中手感舒适。工艺FAB：袋盖上饰有品牌定制的Logo刺绣，低调彰显品牌身份，细节提升精致度。,长袖毛衫,黑色,格纹暗纹,长袖,木耳边高领,,上装,,主料：80%绵羊毛 ，20%山羊绒,设计FAB：采用经典的黑色基础色，易于搭配各种服饰，展现出简约而不失时尚的风格。毛衣的领口设计为透明荷叶领，增添了女性化的柔美细节，使整体造型更加精致。钥匙与logo图案错落排布，巧妙地融入设计之中，既彰显了品牌特色，又为毛衣增添了一抹独特的时尚感。面料FAB：羊毛羊绒混纺材质，柔软保暖，亲肤舒适，兼具品质与实用性。,,,,,,,,,,,连衣裙,黑色,纯色,无袖（连衣裙）,V 领,连衣裙,连衣裙,,100%绵羊毛， 连接线除外,设计FAB：深V领设计可以视觉上拉长颈部线条更显优雅，其次V领适合叠搭多种不同领型的内搭。A型剪裁裙身可以很好的掩饰腰部线条，高腰位的装饰腰带拉长下半身比例，结合膝上长度更加显高显瘦。侧片的分割线条同样在视觉上显得穿着者更加修长。后中叠门襟设计使穿脱更容易，同时增加了设计层次感和整体丰富度，后中扣子和前片腰带的扣子相互呼应加强衣服的整体性；独有的5孔logo牛角扣也增加了品牌辨识度彰显身份。面料FAB：正反双色100%羊毛双面呢，无里衬设计更轻便，双层羊毛结构锁住空气，保暖性佳。双面支撑力避免软榻保持廓形感。工艺FAB：双面呢衣服需要工人手工制作，工艺费时费力，隐藏式缝线处理使得内外均无毛边，穿着舒适，更显高级。,黑色,纯色,—,—,—,,,,,,,,,,,,,,,,这款造型整体散发出独特的魅力，采用经典的黑色基础色，易于搭配各种服饰，展现出简约而不失时尚的风格。毛衣的领口设计为透明荷叶领，增添了女性化的柔美细节，使整体造型更加精致。钥匙与logo图案错落排布，巧妙地融入设计之中，既彰显了品牌特色，又为毛衣增添了一抹独特的时尚感。面料FAB：羊毛羊绒混纺材质，柔软保暖，亲肤舒适，兼具品质与实用性。...,"This outfit radiates a unique sense of charm, 采用经典的黑色基础色，易于搭配各种服饰，展现出简约而不失时尚的风格。毛衣的领口设计为透明荷叶领，增添了女性化的柔美细节，使整体造型更加精致。钥匙与logo图案错落排布，巧妙地融入设计之中，既彰显了品牌特色，又为毛衣增添了一抹独特的时尚感。面料FAB：羊毛羊绒混纺材质，柔软保暖，亲肤舒适，兼具品质与实用性。 1、经典短款方正剪裁，衣长精准控制在腰部上方，视觉优化身材比例，适配多样穿搭风格；2、立体翻 a great choice for both the street and the office."
Outfit 10,RR2256120200,RR2256241380A,RR2256464345,,RR0000000102,RR2256520509,https://maistyle01.oss-cn-shanghai.aliyuncs.com/outfit_tryon/woman/Outfit%2010/upload_woman_outfit10_1.jpg,https://maistyle01.oss-cn-shanghai.aliyuncs.com/outfit_tryon/woman/Outfit%2010/upload_woman_outfit10_2.jpg,,,优雅时尚,办公室,皮衣,黑色,纯色无图案,长袖,翻领夹克,,上装,,材质：，皮料：羊皮革，里料：54.1%聚酯纤维，45.9%粘纤,设计FAB：黑色箱型皮衣，微落肩短款版型，H型版型设计贴合都市通勤及精致优雅女性的需求，微落的肩型增加了包容度和适穿性，门襟搭配品牌定制R字手缝牛角扣，不同材质碰撞的设计增加了整体质感，左袋盖左上处手缝枪色LOGO金属标，精致点缀。面料FAB：新雅斯特绵羊皮，采用优质绵羊原料皮，仿生态面料工艺处理，手感柔软丝滑，赋予丝棉面料触感，抗老化性能优异，透气性能优良，保暖排湿，是一种会呼吸的真皮产品，低铬结合鞣制工艺处理，卫生环保，大部分可自然生物解减。工艺FAB：两边袋盖距上边0.2cm卷边，嵌入0.5cm珠链平整装饰，袋盖呈角型且嵌珠链，优雅通勤基础上添加精致细节点缀，品牌商标垫皮贴标，结合品牌定制贝母锦葵领链，更显精致。,长袖毛衫,白色,格纹暗纹,长袖,圆领,,上装,,主料：80.5%绵羊毛 ，19.5%山羊绒,设计FAB：经典的白色基础色，易于搭配各种服饰，展现出简约而不失时尚的风格。钥匙与logo图案错落排布，巧妙地融入设计之中，既彰显了品牌特色，又为毛衣增添了一抹独特的时尚感。面料FAB：羊毛羊绒混纺材质，柔软保暖，亲肤舒适，兼具品质与实用性。,半裙,米白色,精致暗纹,—,—,半身裙,下装,,主料：40.2%绵羊毛，30.8%粘纤 17.9%锦纶，9.6%聚酯纤维，1.5%氨纶，罗纹：49.7%粘纤，18.6%绵羊毛 ，16.5%聚酯纤维，13.0%锦纶 1.3%氨纶，0.9%聚酯薄膜纤维,设计FAB：直筒短半裙则修饰身形，整体造型简洁干练。以白色为主色调，搭配金葱线条，呈现出优雅而奢华的气质。品牌定制的logo贝壳纽扣，为套装增添精致细节，彰显品牌特色。工艺FAB：同色系的异材质纱线通过提花工艺交织，形成独特的立体浮雕肌理，钥匙与品牌logo图案相互组合，变幻出丰富的视觉效果。,,,,,,,,,,,米色,纯色,—,—,—,,,,,,,,,,,,,,,,这款造型以舒适与时尚并存为核心，经典的白色基础色，易于搭配各种服饰，展现出简约而不失时尚的风格。钥匙与logo图案错落排布，巧妙地融入设计之中，既彰显了品牌特色，又为毛衣增添了一抹独特的时尚感。面料FAB：羊毛羊绒混纺材质，柔软保暖，亲肤舒适，兼具品质与实用性。...,"This look combines comfort and sophistication, 经典的白色基础色，易于搭配各种服饰，展现出简约而不失时尚的风格。钥匙与logo图案错落排布，巧妙地融入设计之中，既彰显了品牌特色，又为毛衣增添了一抹独特的时尚感。面料FAB：羊毛羊绒混纺材质，柔软保暖，亲肤舒适，兼具品质与实用性。 直筒短半裙则修饰身形，整体造型简洁干练。以白色为主色调，搭配金葱线条，呈现出优雅而奢华的气质。品牌定制的logo贝壳纽扣，为套装增添精致细节，彰显品牌特色。同色系的异材 it lets you express confidence and grace effortlessly."
Outfit 12,,RR2256242361,RR2256464905,,RR0000000000,,https://maistyle01.oss-cn-shanghai.aliyuncs.com/outfit_tryon/woman/Outfit%2012/upload_woman_outfit12_1.jpg,,,,优雅时尚,"办公室, 约会夜晚",,,,,,,,,,,短袖毛衫,灰色,纯色坑条,短袖,U 型领,T恤,上装,,主料：89.4%山羊绒，6.4%锦纶，4.2%聚酯薄膜纤维,设计FAB：整体设计以灰色为主色调，简约大气。U领领口修饰颈部线条，展现出优雅气质，同时增加了穿着的舒适度。前领采用四平织带打造大镂空造型，织带可调节，可根据个人喜好调整松紧度，凹出个性造型。这款毛衣适合与牛仔裤、半身裙或连衣裙搭配，展现出时尚与优雅。其合体的版型设计，可叠穿，增加层次感。面料FAB：采用金丝纯绒材质，质地柔软且富有光泽，具有良好的抗皱性和弹性。金丝纯绒面料手感丝滑坚韧，保暖性好，且具有良好的透气性和亲肤性。工艺FAB：毛衣表面采用细小绞花挑孔肌理，增加了毛衣的层次感和立体感。,半裙,灰色,条纹与亮片、羽毛装饰,—,—,半身裙,下装,,面料：底布:68%绵羊毛 ，28%锦纶 4%其他纤维 ，装饰纱1:100%锦纶，装饰纱2:100%棉 ，装饰及连接线除外，装饰羽毛：禽鸟羽毛，  装饰除外，里料：，100%聚酯纤维,设计FAB：版型为H型包臀短裙，短款设计，长度在膝盖以上，展现腿部线条，增添活力。工艺FAB：工艺设计亮点之一是裙摆处的鸵鸟毛织带，羽毛细长且轻盈，随着身体的移动会产生自然的摆动，增强了裙子的动感和活力。而且羽毛织带是可脱卸，可随喜好自由切换，不仅增强了时尚感，使得裙子在人群中脱颖而出，适合参加派对或者需要彰显个性的场合。                                                                                           面料FAB：意大利进口针织面料，杂灰色的布底上绣有珠片盘带绣，视觉效果丰富且手感柔软舒适，具有一定弹性，包容性高。,,,,,,,,,,,高跟鞋,黑色,纯色,—,—,鞋,鞋履,,帮面材质：羊皮革,设计FAB：以经典尖头后空楦型搭配黑色亮面羊皮革，经典楦型易适配大众，亮面牛皮革自带高级光泽与质感，能轻松融入职场、约会等场景，为穿搭奠定优雅精致基调。鞋材FAB：鞋底用防滑耐磨橡胶，鞋面是好打理的亮面羊皮革，橡胶底抓地力强、耐穿，亮面皮革易清洁，行走更安全，还能让鞋子长久保持良好外观。工艺FAB：凭借精细鞋面拼接工艺，让鞋子线条流畅、整体感与精致感更强，从细节彰显品质，提升造型高级感，适配多样穿搭，满足对品质与独特性的追求。,,,,,,,,,,,这款造型以舒适与时尚并存为核心，整体设计以灰色为主色调，简约大气。U领领口修饰颈部线条，展现出优雅气质，同时增加了穿着的舒适度。前领采用四平织带打造大镂空造型，织带可调节，可根据个人喜好调整松紧度，凹出个性造型。这款毛衣适合与牛仔裤、半身裙或连衣裙搭配，展现出时尚与优雅。其合体的版型设计，可叠穿，增加层次感。面料FAB：采用金丝纯绒材质，质地柔软且富有光泽，具有良好的抗皱性和弹性。金丝纯绒面料手感丝滑坚韧，保暖性好，且具有良好的透气性和亲肤性。毛衣表面采用细小绞花挑孔肌理，增加了毛衣的层次感和立体感。...,"This look combines comfort and sophistication, 整体设计以灰色为主色调，简约大气。U领领口修饰颈部线条，展现出优雅气质，同时增加了穿着的舒适度。前领采用四平织带打造大镂空造型，织带可调节，可根据个人喜好调整松紧度，凹出个性造型。这款毛衣适合与牛仔裤、半身裙或连衣裙搭配，展现出时尚与优雅。其合体的版型设计，可叠穿，增加层次感。面料FAB：采用金丝纯绒材质，质地柔软且富有光泽，具有良好的抗皱性和弹性。金丝纯绒面料手感丝滑坚韧，保暖性好，且具有良好的 a great choice for both the street and the office."
Outfit 13,,RR2256241380B,RR2256464907,,RR0000000103,,https://maistyle01.oss-cn-shanghai.aliyuncs.com/outfit_tryon/woman/Outfit%2013/upload_woman_outfit13_1.jpg,https://maistyle01.oss-cn-shanghai.aliyuncs.com/outfit_tryon/woman/Outfit%2013/upload_woman_outfit13_2.jpg,,,华丽风格,"约会夜晚, 派对活动, 鸡尾酒活动, 庆祝活动",,,,,,,,,,,长袖毛衫,黑色,格纹暗纹,长袖,圆领,,上装,,主料：80%绵羊毛 ，20%山羊绒,设计FAB：经典的黑色基础色，易于搭配各种服饰，展现出简约而不失时尚的风格。钥匙与logo图案错落排布，巧妙地融入设计之中，既彰显了品牌特色，又为毛衣增添了一抹独特的时尚感。面料FAB：羊毛羊绒混纺材质，柔软保暖，亲肤舒适，兼具品质与实用性。,半裙,黑色,亮片与网纱拼接,—,—,半身裙,下装,,面料1：底布:95%聚酯纤维，5%氨纶，连接线 1:100%锦纶，连接线 2:100%聚酯纤维，装饰除外，面料2：100%聚酯纤维，里料：100%聚酯纤维,设计FAB：裙子的上半部分采用珠片丝绒面料，微抽褶的设计更好的包裹女性的臀部，能更好的勾勒出身材曲线，增强女人味，下半部分采用柔软的雪纺面料，形成了自然的褶皱效果，不仅增强了裙子的层次感，还使整体造型更加灵动和有动感工艺FAB：采用立裁人工捏褶工艺，耗时费力，下摆弧线也更为灵动自然。                                                                                           面料FAB：采用意大利进口雪花丝绒料和珠片丝绒料，面料柔软，光滑且光泽感强，奢华的质感呼之欲出。下摆处采用日本进口雪纺，垂坠性强且透光感好，增添一份性感和灵动感。,,,,,,,,,,,米白,纯色,—,—,—,,,,,,,,,,,,,,,,这一套服装的设计理念在于细节与质感的平衡，经典的黑色基础色，易于搭配各种服饰，展现出简约而不失时尚的风格。钥匙与logo图案错落排布，巧妙地融入设计之中，既彰显了品牌特色，又为毛衣增添了一抹独特的时尚感。面料FAB：羊毛羊绒混纺材质，柔软保暖，亲肤舒适，兼具品质与实用性。...,"Designed with a balance of detail and texture, 经典的黑色基础色，易于搭配各种服饰，展现出简约而不失时尚的风格。钥匙与logo图案错落排布，巧妙地融入设计之中，既彰显了品牌特色，又为毛衣增添了一抹独特的时尚感。面料FAB：羊毛羊绒混纺材质，柔软保暖，亲肤舒适，兼具品质与实用性。 裙子的上半部分采用珠片丝绒面料，微抽褶的设计更好的包裹女性的臀部，能更好的勾勒出身材曲线，增强女人味，下半部分采用柔软的雪纺面料，形成了自然的褶皱效果，不仅增强了裙子的 it lets you express confidence and grace effortlessly."
Outfit 14,RR2256120200,RR2256241380B,RR2256464953,,RR0000000103,,https://maistyle01.oss-cn-shanghai.aliyuncs.com/outfit_tryon/woman/Outfit%2014/upload_woman_outfit14_1.jpg,https://maistyle01.oss-cn-shanghai.aliyuncs.com/outfit_tryon/woman/Outfit%2014/upload_woman_outfit14_2.jpg,https://maistyle01.oss-cn-shanghai.aliyuncs.com/outfit_tryon/woman/Outfit%2014/upload_woman_outfit14_3.jpg,,华丽风格,"约会夜晚, 派对活动, 鸡尾酒活动",皮衣,黑色,纯色无图案,长袖,翻领夹克,,上装,,材质：，皮料：羊皮革，里料：54.1%聚酯纤维，45.9%粘纤,设计FAB：黑色箱型皮衣，微落肩短款版型，H型版型设计贴合都市通勤及精致优雅女性的需求，微落的肩型增加了包容度和适穿性，门襟搭配品牌定制R字手缝牛角扣，不同材质碰撞的设计增加了整体质感，左袋盖左上处手缝枪色LOGO金属标，精致点缀。面料FAB：新雅斯特绵羊皮，采用优质绵羊原料皮，仿生态面料工艺处理，手感柔软丝滑，赋予丝棉面料触感，抗老化性能优异，透气性能优良，保暖排湿，是一种会呼吸的真皮产品，低铬结合鞣制工艺处理，卫生环保，大部分可自然生物解减。工艺FAB：两边袋盖距上边0.2cm卷边，嵌入0.5cm珠链平整装饰，袋盖呈角型且嵌珠链，优雅通勤基础上添加精致细节点缀，品牌商标垫皮贴标，结合品牌定制贝母锦葵领链，更显精致。,长袖毛衫,黑色,格纹暗纹,长袖,圆领,,上装,,主料：80%绵羊毛 ，20%山羊绒,设计FAB：经典的黑色基础色，易于搭配各种服饰，展现出简约而不失时尚的风格。钥匙与logo图案错落排布，巧妙地融入设计之中，既彰显了品牌特色，又为毛衣增添了一抹独特的时尚感。面料FAB：羊毛羊绒混纺材质，柔软保暖，亲肤舒适，兼具品质与实用性。,半裙,酒红色,亮片与蕾丝拼接,—,—,半身裙,下装,,面料：底布:96%锦纶，4%氨纶，连接线1:100%锦纶，连接线2:100%聚酯纤维，装饰除外，蕾丝：86.7%锦纶 13.3%氨纶，里料：，100%聚酯纤维,设计FAB：短款珠片裙通常采用贴身剪裁，能够很好地勾勒出穿着者的身材曲线，尤其是腰部和臀部的轮廓，展现出女性的曼妙身姿。下摆拼接手工蕾丝，层次对比丰富，增添一份性感女人味。工艺FAB：摆处采用纯手工波浪剪裁。更具有趣味性。                                                                                           面料FAB：面料采用意大利进口珠片面料，区别于传统珠片面料，此款由大小珠片叠加，且亮面和亚光面相互交叉叠加。呈现出独特的光泽和立体感，能够在不同光线下展现出丰富的视觉层次，增添高贵和华丽的氛围。,,,,,,,,,,,米白,纯色,—,—,—,,,,,,,,,,,,,,,,这一套服装的设计理念在于细节与质感的平衡，经典的黑色基础色，易于搭配各种服饰，展现出简约而不失时尚的风格。钥匙与logo图案错落排布，巧妙地融入设计之中，既彰显了品牌特色，又为毛衣增添了一抹独特的时尚感。面料FAB：羊毛羊绒混纺材质，柔软保暖，亲肤舒适，兼具品质与实用性。 短款珠片裙通常采用贴身剪裁，能够很好地勾勒出穿着者的身材曲线，尤其是腰部和臀部的轮廓，展现出女性的曼妙身姿。下摆拼接手工蕾丝，层次对比丰富，增添一份性感女人味。摆处采用纯手工波浪剪裁。更具有趣味性。...,"Designed with a balance of detail and texture, 经典的黑色基础色，易于搭配各种服饰，展现出简约而不失时尚的风格。钥匙与logo图案错落排布，巧妙地融入设计之中，既彰显了品牌特色，又为毛衣增添了一抹独特的时尚感。面料FAB：羊毛羊绒混纺材质，柔软保暖，亲肤舒适，兼具品质与实用性。 短款珠片裙通常采用贴身剪裁，能够很好地勾勒出穿着者的身材曲线，尤其是腰部和臀部的轮廓，展现出女性的曼妙身姿。下摆拼接手工蕾丝，层次对比丰富，增添一份性感女人味。摆处采用 simple yet refined — a timeless combination worth keeping."
Outfit 20,RR2256130901A,RR2256210955,RR2256410702,,RR2256722509,,https://maistyle01.oss-cn-shanghai.aliyuncs.com/outfit_tryon/woman/Outfit%2020/upload_woman_outfit20_1.jpg,https://maistyle01.oss-cn-shanghai.aliyuncs.com/outfit_tryon/woman/Outfit%2020/upload_woman_outfit20_2.jpg,,,日常休闲,"日常休闲, 周末早午餐, 旅行",羽绒服,豆沙绿,同色系提花 Logo + 前片菱格拼接,长袖,连帽拉链,,上装,,面料1：37%粘纤 35%绵羊毛， 21%锦纶 6%聚酯纤维 1%氨纶，面料2：100%聚酯纤维，里料：100%聚酯纤维，填充物：鹅绒    ，绒子含量90%,设计FAB：版型为修身带帽型，可调节抽绳，防风保暖。采用立体剪裁，非常贴合身形，凸显身材曲线，告别臃肿。工艺FAB：内里填充采用高蓬松度鹅绒 ，重量轻，保暖性强，穿着无负担。采用进口日本双头拉链，拉链顺滑耐用，不易卡顿。胸口采用金葱立体包针绣，顺色绣线，雅致低调。口袋处镶嵌品牌订制金属logo。                                                                                                             面料FAB：采用提花针织面料，肌理丰富，凹凸有致。增加了视觉上的层次感和质感，颜色为波段主题色：鼠尾草绿，给人一种清新的感觉。图案为品牌订制“R”字。彰显品牌调性,短袖T恤,白色,小面积刺绣字母图案,短袖,圆领,T恤,上装,,面料：93%棉，7%氨纶,设计FAB：版型为品牌经典直身款，较为宽松的剪裁，没有过多的修身设计，穿着时不会紧绷身体，活动自如，适合日常休闲穿着。圆领设计简约经典，适合各种脸型和身材。直身版型对身材的包容性很强，能够遮盖身体的不完美部分，修饰身形。工艺FAB：采用多种工艺组合，包括包针绣、珠片绣、海绵绣、链条绣等工艺，采用各种绿色银葱丝光线相互叠加，形成丰富的肌理效果。面料FAB:面料采用精选纯棉面料，质地柔软细腻，触感舒适，对皮肤无刺激，特别适合贴身穿着。同时具有良好的透气性和吸湿性，能够调节皮肤的湿度，保持干爽。,牛仔裤(水洗产品),深蓝色,侧边装饰,—,—,牛仔裤,下装,,面料：75.1%棉，22.9%聚酯纤维，2.0%氨纶,设计FAB：1、深蓝色牛仔直筒裤，H型版型对所有腿型都十分友好，包容大粗腿；2、五金采用品牌定制开发的定制logo的工字扣和配套撞钉，尽显品牌细节；3、定位在腰下、侧缝和后口袋都做了深浅不一的水洗效果，且加入了不规则排列的珠片绣，丰富了层次细节；4、腰部有传统的五袋设计，包括两个前口袋、一个小零钱袋和两个后口袋，既实用又经典；5、后侧饰有品牌定制的绣花牌，图案选用品牌经典的锦葵花元素，凸显精致度。 面料FAB：面料采用弹力透气牛仔面料，舒适无束缚感，面料耐磨抗皱易打理。工艺FAB：关键部位（如裤裆、后袋）用双线平行车缝，增强牢固度，缝线选用橙色，成为牛仔裤的标志性装饰。,,,,,,,,,,,休闲鞋,白色,品牌标识与厚底设计,—,—,鞋,鞋履,,帮面材质：牛皮革+织物,设计FAB：延续经典的Rich Max系列鞋型，以极简主义为基调，打造既有造型感又不失实穿属性的都市休闲鞋。鞋面采用白色自然摔牛皮革与白色粒面牛皮革拼接，在同色系中呈现出微妙的质感对比，摔纹的自然肌理与粒面的精致细腻相辅相成，丰富视觉层次，提升搭配多样性。流畅的线条分割设计勾勒鞋身结构，简约而有型，配合侧身立体双R绣花标，聚焦视觉吸引点，兼具时尚与品牌识别度。后跟饰有品牌经典老花图案，延续品牌美学基因，于细节中展现身份识别与质感表达。鞋材FAB：鞋底采用组合结构，中底部分选用轻盈柔韧的EPR材质，具备优异的减震缓冲性能，带来舒适的穿着体验。外底为品牌专属橡胶大底，兼具出色的防滑性与耐磨性，从容应对多变地面。鞋舌与鞋口填充15mm空气棉，贴合脚型的同时提供良好的包裹感与脚踝支撑力。内里采用白色透气网布，轻盈柔软，有效提升透气性与舒适度。工艺FAB：鞋面双R标识采用立体硅胶片，叠加绣花线的创新工艺打造，强化视觉冲击力，打造立体浮雕般的层次感。LOGO边缘使用闪光线包针绣，在不同光线下呈现细腻光泽，增强整体色彩张力，突出独特工艺语言。辅件方面，点缀品牌定向开发的双色金属装饰标与电镀气眼细节，为鞋款增添金属质感，使整体更显精致细腻。整体细节处理考究，彰显设计功力与品牌调性，,,,,,,,,,,,这款造型整体散发出独特的魅力，版型为品牌经典直身款，较为宽松的剪裁，没有过多的修身设计，穿着时不会紧绷身体，活动自如，适合日常休闲穿着。圆领设计简约经典，适合各种脸型和身材。直身版型对身材的包容性很强，能够遮盖身体的不完美部分，修饰身形。采用多种工艺组合，包括包针绣、珠片绣、海绵绣、链条绣等工艺，采用各种绿色银葱丝光线相互叠加，形成丰富的肌理效果。面料FAB:面料采用精选纯棉面料，质地柔软细腻，触感舒适，对皮肤无刺激，特别适合贴身穿着。同时具有良好的透气性和吸湿性，能够调节皮肤的湿度，保持干爽。...,"This outfit radiates a unique sense of charm, 版型为品牌经典直身款，较为宽松的剪裁，没有过多的修身设计，穿着时不会紧绷身体，活动自如，适合日常休闲穿着。圆领设计简约经典，适合各种脸型和身材。直身版型对身材的包容性很强，能够遮盖身体的不完美部分，修饰身形。采用多种工艺组合，包括包针绣、珠片绣、海绵绣、链条绣等工艺，采用各种绿色银葱丝光线相互叠加，形成丰富的肌理效果。面料FAB:面料采用精选纯棉面料，质地柔软细腻，触感舒适，对皮肤无刺激，特别适合 perfect for casual outings or everyday wear."
Outfit 21,,RR2256250383,RR2256410707,,RR0000000106,RR2256520508,https://maistyle01.oss-cn-shanghai.aliyuncs.com/outfit_tryon/woman/Outfit%2021/upload_woman_outfit21_1.jpg,https://maistyle01.oss-cn-shanghai.aliyuncs.com/outfit_tryon/woman/Outfit%2021/upload_woman_outfit21_2.jpg,,,优雅时尚,"日常休闲, 周末早午餐",,,,,,,,,,,圆领长袖设计,粉色,领口与口袋处亮片装饰,长袖,圆领,,上装,,主料：89.2%山羊绒 ，6.5%锦纶，4.3%聚酯薄膜纤维,面料FAB：金丝纯绒纱线材质，提供极致柔软与舒适的同时，更赋予其奢华的质感。金丝的细腻光泽与纯绒的温暖质感相得益彰。工艺FAB：领圈和袋贴部分特别装饰了重工彩色工艺织带，为整体造型增添了丰富的色彩和精致的细节。这种设计不仅突显了开衫的独特魅力，更使其在细节处展现出无与伦比的工艺水准。采用单面组织，使得织物表面平整细腻，触感柔软顺滑。这种工艺不仅增强了开衫的舒适度，更使其在视觉上呈现出简洁大方的美感。设计FAB：圆领长袖设计，经典而不失时尚感。合体的版型能够完美贴合身体曲线，展现您的优雅身姿，同时提供极佳的活动自由度。无论是作为外套还是内搭，都能轻松驾驭各种场合，尽显个人魅力。,牛仔裤(水洗产品),浅蓝色,拼接磨白,—,—,牛仔裤,下装,,面料： 89.0%棉，10.7%再生纤维素纤维 ，0.3%氨纶,设计FAB：1、通过镭射技术打造渐变水洗纹理，精准控制褪色层次，呈现独特做旧效果，对比传统石洗更环保高效，渐变蓝色过渡自然；2、从膝盖处自然外扩的微喇设计，优化腿部比例，修饰小腿线条，显瘦显腿直；3、后侧饰有品牌定制的绣花牌，图案选用品牌经典的锦葵花元素，强化品牌辨识度，增添细节亮点和轻奢质感；4、五金采用品牌定制开发的定制logo的工字扣和配套撞钉，尽显品牌细节；5、腰部有传统的五袋设计，包括两个前口袋、一个小零钱袋和两个后口袋，既实用又经典。  面料FAB：成分主要是棉+氨纶，棉质基底保留牛仔粗粝感，做旧水洗强化90年代复古街头氛围；高回弹氨纶提供纵向拉伸力下蹲抬腿不卡裆，久坐不起皱。面料微弹不软塌，维持微喇廓形挺度。工艺FAB：关键部位（如裤裆、后袋）用双线平行车缝，增强牢固度。,,,,,,,,,,,黑色,纯色,—,—,—,,,,,,,,,,,,,,,,第一眼就让人想靠近的暖粉圆领长袖开衫，触感柔软细腻、轻盈保暖，细小的金丝光泽在灯下微微闪烁；领口与口袋的彩色工艺织带点到为止，低调却见心思，合体剪裁上身不挑人，单穿或做内搭都显干净有型。下装选用浅蓝牛仔，镭射打造的渐变水洗层次自然，微喇线条从膝部轻轻外扩，立刻拉长比例；棉质基底带来复古90年代的随性，加入弹力后活动更自在，五袋设计与品牌定制五金、后幅绣标细节满分，关键部位双线车缝更耐穿。整体松弛与精致并存，是周末早午餐与日常通勤都能轻松驾驭的休闲搭配。,"A soft blush crew-neck cardigan sets a warm, approachable tone—light, cozy, and gently luminous. Colorful woven trim at the neckline and pockets adds quiet refinement, while the close-but-easy cut works on its own or as a layer. The light-blue denim is laser-faded for a natural gradient; a subtle kick-flare from the knee streamlines the legs and lifts proportions. Cotton with added stretch keeps the ’90s vintage vibe but moves comfortably all day, and the five-pocket layout, custom hardware, and back embroidery label finish the look with brand-level detail; reinforced stitching boosts durability. Relaxed yet polished, this is an easy off-duty-to-everyday pairing that feels effortless from brunch to commute."
Outfit 22,,RR2256220916B,RR2256410722,,RR0000000102,RR1256520553,https://maistyle01.oss-cn-shanghai.aliyuncs.com/outfit_tryon/woman/Outfit%2022/upload_woman_outfit22_1.jpg,https://maistyle01.oss-cn-shanghai.aliyuncs.com/outfit_tryon/woman/Outfit%2022/upload_woman_outfit22_2.jpg,,,精致休闲,"周末早午餐, 鸡尾酒活动",,,,,,,,,,,长袖T恤,白色,领口刺绣字母装饰,长袖,圆领,T恤,上装,,面料：75.7%莱赛尔，20.3%绵羊毛，4.0%氨纶,设计FAB：设计重点在领口，圆领的设计简洁大方，能够很好的修饰颈部线条，不规则的拼接钻领设计，增强了时尚感，顺色钻闪耀的同时不突兀。下摆采用不对称设计。拉长视觉效果，修饰身形。工艺FAB：领口以及logo均烫有进口捷克钻，捷克水钻的切割面一般有十几面，能够折射出很耀眼的光芒，在视觉上具有很强的吸引力。且硬度强，光泽感保持时间明显更长。 面料FAB: 高品质的针织面料，面料柔软且具有良好的弹力，穿着舒适且贴身，合适各种体型的人穿着，在保证透气性的情况下，也具备一定的保暖性。,牛仔裤(水洗产品),浅蓝色,亮片图案,—,—,牛仔裤,下装,,面料：面层:41%棉，41%聚酯纤维，16%再生纤维素纤维，2%其他纤维 含胶，装饰及连接线除外，底层:100%聚酯纤维，非纤维物质除外,设计FAB：1、直筒版型，遮肉显瘦，前片独特的分割和口袋的造型在视觉上更加显胯窄和收腹；2、五金采用品牌定制开发的定制logo的工字扣和配套撞钉，尽显品牌细节；3、腰部内里拼接了素色的不带珠片的牛仔面料，保证了穿着的亲肤度和舒适性；4、适合搭配各种上衣，如T恤、针织衫或外套，可以在日常休闲、逛街或轻松的社交场合中穿着，展现出精致和充满活力的气质。面料FAB：采用意大利进口的满版珠片牛仔面料，面料极具风格属性，颜色清新百搭。工艺FAB：关键部位（如裤裆、后袋）用双线平行车缝，增强牢固度。,,,,,,,,,,,米色,纯色,—,—,—,,,,,,,,,,,,,,,,这款造型整体散发出独特的魅力，设计重点在领口，圆领的设计简洁大方，能够很好的修饰颈部线条，不规则的拼接钻领设计，增强了时尚感，顺色钻闪耀的同时不突兀。下摆采用不对称设计。拉长视觉效果，修饰身形。领口以及logo均烫有进口捷克钻，捷克水钻的切割面一般有十几面，能够折射出很耀眼的光芒，在视觉上具有很强的吸引力。且硬度强，光泽感保持时间明显更长。 面料FAB: 高品质的针织面料，面料柔软且具有良好的弹力，穿着舒适且贴身，合适各种体型的人穿着，在保证透气性的情况下，也具备一定的保暖性。...,"This outfit radiates a unique sense of charm, 设计重点在领口，圆领的设计简洁大方，能够很好的修饰颈部线条，不规则的拼接钻领设计，增强了时尚感，顺色钻闪耀的同时不突兀。下摆采用不对称设计。拉长视觉效果，修饰身形。领口以及logo均烫有进口捷克钻，捷克水钻的切割面一般有十几面，能够折射出很耀眼的光芒，在视觉上具有很强的吸引力。且硬度强，光泽感保持时间明显更长。 面料FAB: 高品质的针织面料，面料柔软且具有良好的弹力，穿着舒适且贴身，合适各种体型 it lets you express confidence and grace effortlessly."
Outfit 24,RR2256160741,RR2256210719,RR2256410741,,RR2256722509,,https://maistyle01.oss-cn-shanghai.aliyuncs.com/outfit_tryon/woman/Outfit%2024/upload_woman_outfit24_1.jpg,https://maistyle01.oss-cn-shanghai.aliyuncs.com/outfit_tryon/woman/Outfit%2024/upload_woman_outfit24_2.jpg,https://maistyle01.oss-cn-shanghai.aliyuncs.com/outfit_tryon/woman/Outfit%2024/upload_woman_outfit24_3.jpg,,日常休闲,"日常休闲, 周末早午餐, 旅行, 音乐会",夹克(水洗产品),浅紫,渐变花卉印染 + 金属纽扣,长袖,翻领夹克,夹克,上装,,面料：59%莱赛尔纤维，41%聚酯纤维,设计FAB：紫色牛仔夹克，短款，H型，翻领设计可修饰脖型，略宽松的版型包容多种身材；胸前两侧的贴袋+袋盖设计，将实用性与工装风结合；下摆两侧增加斜插袋方便收纳。门襟及袋盖上选用品牌定制的叻色工字扣开合。袖子上定位饰有品牌定制的顺色刺绣，凸显精致细节与品牌调性。创新立体分割袖型，通过袖子上独特的弧形分割线设计优化手臂线条，视觉显瘦效果提升30%。面料FAB：紫色雪尼尔牛仔面料，雪尼尔纱线赋予面料绒感肌理，比普通牛仔更柔软、垂坠；提花工艺增加立体层次感。裁剪上运用创新拼接手法：运用同一块提花牛仔面料的正反面进行拼接（浅紫+深紫色），通过同一面料的正反色调差异，形成低调撞色，设计新颖且不易撞衫。工艺FAB：大身采用顺色双明线加固缝迹，袖口开衩打套结加固。,短袖T恤,白色,正面 DARE TO BE RARE 亮片字母,短袖,圆领,T恤,上装,,面料：93%棉，7%氨纶,工艺FAB：前胸采用7种工艺复合呈现：珠片绣打底构建光泽基底，海绵绣塑造立体浮雕效果，链条绣勾勒轮廓线条，包珠片乱绣制造肌理层次，烫钻工艺强化视觉焦点。在工艺图案里融入了品牌logo和经典的翅膀元素，通过紫色系与灰白调的精细配比构建高级质感。袖口和下摆采用平车双线工艺，保证基础款单品的基础品质。设计FAB：白色圆领短袖T恤，采用经典直身剪裁，微余量设计兼容50-75kg体型区间，实现包容性穿搭体验。圆领采用螺纹加固工艺，经20次水洗测试仍保持领口不变形面料FAB：定制230g双纱针织面料，面料由棉和氨纶混纺而成，精梳棉纱线确保吸湿透气性，加入氨纶提供弹性空间。,牛仔裤(水洗产品),淡紫色,花卉图案,—,—,牛仔裤,下装,,面料：59%莱赛尔纤维，41%聚酯纤维,设计FAB：1、直筒裤型修饰腿型，显腿直且利落，宽松的维度对身材包容度非常好，长时间穿着也不会感到束缚；2、腰头与大身采用面料的正反面进行拼接，打破纯色单调性，形成自然撞色，与夹克搭配时风格统一且协调性强；3、低饱和度紫色系撞色高级耐看，搭配同色系夹克时视觉统一性强，小众不易撞衫；4、后口袋采用不对称设计，独特的绣花手写体logo彰显品牌调性与基因；5、后侧饰有品牌定制的绣花牌，图案选用品牌经典的锦葵花元素，凸显精致度；6、腰部有传统的五袋设计，包括两个前口袋、一个小零钱袋和两个后口袋，既实用又经典。 面料FAB：紫色雪尼尔牛仔面料，雪尼尔纱线赋予面料绒感肌理，比普通牛仔更柔软、垂坠；提花工艺增加立体层次感。裁剪上运用创新拼接手法：运用同一块提花牛仔面料的正反面进行拼接（浅紫+深紫色），通过同一面料的正反色调差异，形成低调撞色，设计新颖且不易撞衫。工艺FAB：关键部位（如裤裆、后袋）用双线平行车缝，增强牢固度。,,,,,,,,,,,休闲鞋,白色,品牌标识与厚底设计,—,—,鞋,鞋履,,帮面材质：牛皮革+织物,设计FAB：延续经典的Rich Max系列鞋型，以极简主义为基调，打造既有造型感又不失实穿属性的都市休闲鞋。鞋面采用白色自然摔牛皮革与白色粒面牛皮革拼接，在同色系中呈现出微妙的质感对比，摔纹的自然肌理与粒面的精致细腻相辅相成，丰富视觉层次，提升搭配多样性。流畅的线条分割设计勾勒鞋身结构，简约而有型，配合侧身立体双R绣花标，聚焦视觉吸引点，兼具时尚与品牌识别度。后跟饰有品牌经典老花图案，延续品牌美学基因，于细节中展现身份识别与质感表达。鞋材FAB：鞋底采用组合结构，中底部分选用轻盈柔韧的EPR材质，具备优异的减震缓冲性能，带来舒适的穿着体验。外底为品牌专属橡胶大底，兼具出色的防滑性与耐磨性，从容应对多变地面。鞋舌与鞋口填充15mm空气棉，贴合脚型的同时提供良好的包裹感与脚踝支撑力。内里采用白色透气网布，轻盈柔软，有效提升透气性与舒适度。工艺FAB：鞋面双R标识采用立体硅胶片，叠加绣花线的创新工艺打造，强化视觉冲击力，打造立体浮雕般的层次感。LOGO边缘使用闪光线包针绣，在不同光线下呈现细腻光泽，增强整体色彩张力，突出独特工艺语言。辅件方面，点缀品牌定向开发的双色金属装饰标与电镀气眼细节，为鞋款增添金属质感，使整体更显精致细腻。整体细节处理考究，彰显设计功力与品牌调性，,,,,,,,,,,,这套穿搭将优雅与现代感融合在一起，前胸采用7种工艺复合呈现：珠片绣打底构建光泽基底，海绵绣塑造立体浮雕效果，链条绣勾勒轮廓线条，包珠片乱绣制造肌理层次，烫钻工艺强化视觉焦点。在工艺图案里融入了品牌logo和经典的翅膀元素，通过紫色系与灰白调的精细配比构建高级质感。袖口和下摆采用平车双线工艺，保证基础款单品的基础品质。白色圆领短袖T恤，采用经典直身剪裁，微余量设计兼容50-...,"A perfect fusion of elegance and modern style, 前胸采用7种工艺复合呈现：珠片绣打底构建光泽基底，海绵绣塑造立体浮雕效果，链条绣勾勒轮廓线条，包珠片乱绣制造肌理层次，烫钻工艺强化视觉焦点。在工艺图案里融入了品牌logo和经典的翅膀元素，通过紫色系与灰白调的精细配比构建高级质感。袖口和下摆采用平车双线工艺，保证基础款单品的基础品质。白色圆领短袖T恤，采用经典直身剪裁，微余量设计兼容50-75kg体型区间，实现包容性穿搭体验。圆领采用螺纹加固工艺， perfect for casual outings or everyday wear."
Outfit 26,,RR2256250372,RR2256420708,,RR0000000000,RR2256520510,https://maistyle01.oss-cn-shanghai.aliyuncs.com/outfit_tryon/woman/Outfit%2026/upload_woman_outfit26_1.jpg,https://maistyle01.oss-cn-shanghai.aliyuncs.com/outfit_tryon/woman/Outfit%2026/upload_woman_outfit26_2.jpg,https://maistyle01.oss-cn-shanghai.aliyuncs.com/outfit_tryon/woman/Outfit%2026/upload_woman_outfit26_3.jpg,,优雅时尚,"办公室, 鸡尾酒活动, 约会夜晚",,,,,,,,,,,毛开衫,粉色,领口与口袋处亮片装饰,长袖,圆领,针织衫,上装,,主料：43.7%绵羊毛，28.2%锦纶，19.6%聚酯纤维，6.2%氨纶 2.0%腈纶，0.3%聚酯薄膜纤维，珠片除外，罗纹：51.7%绵羊毛，39.9%锦纶 8.4%氨纶,设计FAB：整体为合体箱型短开衫，版型经典，修饰身形，展现出优雅的小香风格。面料FAB：这采用粉紫色珠片花纱、葱纱和弹力羊毛纱交织，呈现出经典的粗花呢效果，质地厚实且富有质感。工艺FAB：领圈和袋口装饰重工金银珠钻织带，闪耀精致。,休闲裤,黑色,纯色,—,—,长裤,下装,,面料：68%绵羊毛，29%棉 3%氨纶,设计FAB：修身微喇的版型，从腰部至大腿修身剪裁，小腿处微喇延伸，视觉拉长腿部线条，显瘦显高。口袋及侧缝夹装黑金配色的出芽织带，打破纯色的单调，沿腿部曲线延伸，形成动态视觉引导线。前中烫挺缝线工艺让裤管线条利落笔直，提升整体质感，避免软塌褶皱。后腰的黑金logo刺绣细节，更显精致，与出芽织带的颜色相呼应。  面料FAB：Linton's斜纹羊毛针织面料，斜纹结构增强纵向延展性，即使久坐亦不软塌堆褶，针织面料也能呈现西裤级垂顺度，告别传统针织裤的慵懒感，通勤穿着照样撑起职场专业气场。工艺FAB：脚口侧边留衩，衩装插片，夹装出芽织带，衩止点处暗撬加固。脚口拷边内折，用三角针固定，面上不透针眼。,,,,,,,,,,,高跟鞋,黑色,纯色,—,—,鞋,鞋履,,帮面材质：羊皮革,设计FAB：以经典尖头后空楦型搭配黑色亮面羊皮革，经典楦型易适配大众，亮面牛皮革自带高级光泽与质感，能轻松融入职场、约会等场景，为穿搭奠定优雅精致基调。鞋材FAB：鞋底用防滑耐磨橡胶，鞋面是好打理的亮面羊皮革，橡胶底抓地力强、耐穿，亮面皮革易清洁，行走更安全，还能让鞋子长久保持良好外观。工艺FAB：凭借精细鞋面拼接工艺，让鞋子线条流畅、整体感与精致感更强，从细节彰显品质，提升造型高级感，适配多样穿搭，满足对品质与独特性的追求。,,,,,,,,,,,这一套服装的设计理念在于细节与质感的平衡，整体为合体箱型短开衫，版型经典，修饰身形，展现出优雅的小香风格。面料FAB：这采用粉紫色珠片花纱、葱纱和弹力羊毛纱交织，呈现出经典的粗花呢效果，质地厚实且富有质感。领圈和袋口装饰重工金银珠钻织带，闪耀精致。...,"Designed with a balance of detail and texture, 整体为合体箱型短开衫，版型经典，修饰身形，展现出优雅的小香风格。面料FAB：这采用粉紫色珠片花纱、葱纱和弹力羊毛纱交织，呈现出经典的粗花呢效果，质地厚实且富有质感。领圈和袋口装饰重工金银珠钻织带，闪耀精致。 修身微喇的版型，从腰部至大腿修身剪裁，小腿处微喇延伸，视觉拉长腿部线条，显瘦显高。口袋及侧缝夹装黑金配色的出芽织带，打破纯色的单调，沿腿部曲线延伸，形成动态视觉引导线。前中烫挺缝线工艺让裤管线 simple yet refined — a timeless combination worth keeping."
Outfit 27,,RR2256261720,RR2256420924,,RR0000000106,,https://maistyle01.oss-cn-shanghai.aliyuncs.com/outfit_tryon/woman/Outfit%2027/upload_woman_outfit27_1.jpg,https://maistyle01.oss-cn-shanghai.aliyuncs.com/outfit_tryon/woman/Outfit%2027/upload_woman_outfit27_2.jpg,https://maistyle01.oss-cn-shanghai.aliyuncs.com/outfit_tryon/woman/Outfit%2027/upload_woman_outfit27_3.jpg,https://maistyle01.oss-cn-shanghai.aliyuncs.com/outfit_tryon/woman/Outfit%2027/upload_woman_outfit27_4.jpg,精致休闲,"周末早午餐, 日常休闲",,,,,,,,,,,长袖衬衫,浅蓝色,民族风刺绣与荷叶边,长袖,V 领（荷叶边）,衬衫,上装,,面料：，56%再生纤维素纤维，44%桑蚕丝,设计FAB：荷叶边开门襟收腰设计，结合超薄真丝面料，荷叶边随风摇曳，清爽浅蓝色，仿佛夏日水波盈动，体现女性之美面料FAB：轻盈薄透的真丝面料，薄如蝉翼，显现隐约朦胧之美工艺FAB：前胸采用装饰感的十字绣，立体工艺，隐藏珠片在其中，显现隐约的光泽,休闲裤,白色,纯色,—,—,长裤,下装,,面料：34%绵羊毛 31%棉 ，31%聚酯纤维 4%锦纶，装饰除外，里料：100%聚酯纤维,设计FAB：版型为直筒微弯刀裤型，腰头有装饰扣袢设计。裤型维度大，包容性强，可修饰腿型。工艺FAB：后口袋处采用银葱线包针绣，图案为品牌slogan。                                                                                           面料FAB：采用羊毛珠片混纺面料，面料肌理细腻且带有微微光泽，给人一种高级和精致的质感，提升整体着装档次。且羊毛的保暖效果好，具有一定的抗皱性，即使长时间穿着也能保持整洁的外观。白色的配色给人一种干净，整洁的印象，可与多款上衣搭配，无论是休闲还是正式场合都能轻松驾驭，百搭实穿。,,,,,,,,,,,黑色,纯色,—,—,—,,,,,,,,,,,,,,,,从整体搭配上看，荷叶边开门襟收腰设计，结合超薄真丝面料，荷叶边随风摇曳，清爽浅蓝色，仿佛夏日水波盈动，体现女性之美面料FAB：轻盈薄透的真丝面料，薄如蝉翼，显现隐约朦胧之美前胸采用装饰感的十字绣，立体工艺，隐藏珠片在其中，显现隐约的光泽 版型为直筒微弯刀裤型，腰头有装饰扣袢设计。裤型维度大，包容性强，可修饰腿型。后口袋处采用银葱线包针绣，图案为品牌slogan。...,"From a styling perspective, 荷叶边开门襟收腰设计，结合超薄真丝面料，荷叶边随风摇曳，清爽浅蓝色，仿佛夏日水波盈动，体现女性之美面料FAB：轻盈薄透的真丝面料，薄如蝉翼，显现隐约朦胧之美前胸采用装饰感的十字绣，立体工艺，隐藏珠片在其中，显现隐约的光泽 版型为直筒微弯刀裤型，腰头有装饰扣袢设计。裤型维度大，包容性强，可修饰腿型。后口袋处采用银葱线包针绣，图案为品牌slogan。                           it lets you express confidence and grace effortlessly."
Outfit 28,RR2256160946A,RR2256210801,RR2256420973,,RR2256722509,,https://maistyle01.oss-cn-shanghai.aliyuncs.com/outfit_tryon/woman/Outfit%2028/upload_woman_outfit28_1.jpg,https://maistyle01.oss-cn-shanghai.aliyuncs.com/outfit_tryon/woman/Outfit%2028/upload_woman_outfit28_2.jpg,,,日常休闲,"日常休闲, 旅行",夹克,白色,纯色轻质防水布,长袖,连帽抽绳,夹克,上装,,面料1：100%锦纶，面料2：100%聚酯纤维，里料：100%聚酯纤维,设计FAB：品牌经典轻薄长袖连帽运动外套，百搭白色，可调节腰绳，显腰身，休闲感十足。一款两色。工艺FAB：胸前采用金葱丝光线包针绣，定制的五金件位于前口袋，门襟，帽绳，腰部调节绳等位置，为整体增加了精致度与品牌辨识度。                                                                                           面料FAB：面料采用本季品牌定制开发的圣彼得的钥匙图案，尼丝纺面料缎光与哑光交替组合而成的提花图形，精致轻薄且舒适度好。,短袖T恤,白色,抽象艺术印花,短袖,圆领,T恤,上装,,面料：81%棉，19%锦纶,"设计FAB：含蓄表达钥匙和链条剪影图案，粉紫色搭配，塑造出多层次的视觉肌理，打造具有品牌辨识度的重工款式面料FAB：正反精棉密针织造，纹理细腻，亲肤透气，手感顺滑，光泽高雅。透气锦纶丝保型舒弹，上身挺括有型，有效防止变形、鼓包、起皱起毛球等,时刻保持肌肤舒适、干爽工艺FAB：前胸采用多重工艺叠加，特殊肌理面料贴布绣，搭配珠链，亮片和渐变色绣线绣花结合",休闲裤,灰色,纯色,—,—,长裤,下装,,面料：61%棉 ，38%聚酯纤维+，聚酯薄膜纤维，1%氨纶，里料：100%聚酯纤维,"设计FAB：1,黄金直筒，既能修饰小腿外翻，又不会像阔腿那样“压个子”，165-180 cm 的身高都能穿出利落垂坠感。2，中腰+松紧，腰里暗藏 4 cm 弹力织带，坐下弯腰不勒肚，轻松穿脱。3，前中无褶+侧缝前移去掉传统裤褶，让丝绒光面更连贯；侧缝内移 1.5 cm，正面看裤线更顺直，视觉显瘦 。面料FAB：“轻克重”丝绒，比传统棉丝绒轻 20%，垂坠却不易塌。丝绸般光泽，抗勾丝能力强，日常摩擦不易起白痕。面料里混纺0.15 mm 扁平镀银涤纶丝，每 5 mm 织入 1 根，弱光下呈低调灰闪，强光/夜店里呈冷调星点，既不浮夸也不单调，满足“微高调”场合需求。工艺FAB:0.15 mm 镀银涤纶丝并非整幅乱铺，而是采用 定位提花工艺，仅在表层绒纬形成 “条纹”闪光区。这样既保证 5 米外只见低调灰闪，又避免大面积金属丝摩擦产生刺痒感。裤片边缘用激光冷裁，切口瞬间融化封边，银丝不抽丝。",,,,,,,,,,,休闲鞋,白色,品牌标识与厚底设计,—,—,鞋,鞋履,,帮面材质：牛皮革+织物,设计FAB：延续经典的Rich Max系列鞋型，以极简主义为基调，打造既有造型感又不失实穿属性的都市休闲鞋。鞋面采用白色自然摔牛皮革与白色粒面牛皮革拼接，在同色系中呈现出微妙的质感对比，摔纹的自然肌理与粒面的精致细腻相辅相成，丰富视觉层次，提升搭配多样性。流畅的线条分割设计勾勒鞋身结构，简约而有型，配合侧身立体双R绣花标，聚焦视觉吸引点，兼具时尚与品牌识别度。后跟饰有品牌经典老花图案，延续品牌美学基因，于细节中展现身份识别与质感表达。鞋材FAB：鞋底采用组合结构，中底部分选用轻盈柔韧的EPR材质，具备优异的减震缓冲性能，带来舒适的穿着体验。外底为品牌专属橡胶大底，兼具出色的防滑性与耐磨性，从容应对多变地面。鞋舌与鞋口填充15mm空气棉，贴合脚型的同时提供良好的包裹感与脚踝支撑力。内里采用白色透气网布，轻盈柔软，有效提升透气性与舒适度。工艺FAB：鞋面双R标识采用立体硅胶片，叠加绣花线的创新工艺打造，强化视觉冲击力，打造立体浮雕般的层次感。LOGO边缘使用闪光线包针绣，在不同光线下呈现细腻光泽，增强整体色彩张力，突出独特工艺语言。辅件方面，点缀品牌定向开发的双色金属装饰标与电镀气眼细节，为鞋款增添金属质感，使整体更显精致细腻。整体细节处理考究，彰显设计功力与品牌调性，,,,,,,,,,,,"这套穿搭将优雅与现代感融合在一起，含蓄表达钥匙和链条剪影图案，粉紫色搭配，塑造出多层次的视觉肌理，打造具有品牌辨识度的重工款式面料FAB：正反精棉密针织造，纹理细腻，亲肤透气，手感顺滑，光泽高雅。透气锦纶丝保型舒弹，上身挺括有型，有效防止变形、鼓包、起皱起毛球等,时刻保持肌肤舒适、干爽前胸采用多重工艺叠加，特殊肌理面料贴布绣，搭配珠链，亮片和渐变色绣线绣花结合 1,黄金直筒，既能修饰小腿外翻，又不会像阔腿那样“压个子”，165-180 cm 的身高都能穿出利落垂坠感。2，中腰+松紧，腰里暗藏 4 cm...","A perfect fusion of elegance and modern style, 含蓄表达钥匙和链条剪影图案，粉紫色搭配，塑造出多层次的视觉肌理，打造具有品牌辨识度的重工款式面料FAB：正反精棉密针织造，纹理细腻，亲肤透气，手感顺滑，光泽高雅。透气锦纶丝保型舒弹，上身挺括有型，有效防止变形、鼓包、起皱起毛球等,时刻保持肌肤舒适、干爽前胸采用多重工艺叠加，特殊肌理面料贴布绣，搭配珠链，亮片和渐变色绣线绣花结合 1,黄金直筒，既能修饰小腿外翻，又不会像阔腿那样“压个子”，165-1 bringing together fashion and comfort in every detail."
Outfit 33,,RR2256250345,RR2256464345,,RR0000000101,,https://maistyle01.oss-cn-shanghai.aliyuncs.com/outfit_tryon/woman/Outfit%2033/upload_woman_outfit33_1.jpg,https://maistyle01.oss-cn-shanghai.aliyuncs.com/outfit_tryon/woman/Outfit%2033/upload_woman_outfit33_2.jpg,https://maistyle01.oss-cn-shanghai.aliyuncs.com/outfit_tryon/woman/Outfit%2033/upload_woman_outfit33_3.jpg,https://maistyle01.oss-cn-shanghai.aliyuncs.com/outfit_tryon/woman/Outfit%2033/upload_woman_outfit33_4.jpg,优雅时尚,"办公室, 鸡尾酒活动, 约会夜晚, 商务晚宴",,,,,,,,,,,毛开衫,米白色,精致暗纹,长袖,翻领,针织衫,上装,,主料：40.2%绵羊毛，30.8%粘纤 17.9%锦纶，9.6%聚酯纤维，1.5%氨纶，罗纹：49.7%粘纤，18.6%绵羊毛 ，16.5%聚酯纤维，13.0%锦纶 1.3%氨纶，0.9%聚酯薄膜纤维,设计FAB：以白色为主色调，搭配金葱线条，呈现出优雅而奢华的气质。上衣为翻领开衫设计，简约大气。品牌定制的logo贝壳纽扣，为套装增添精致细节，彰显品牌特色。工艺FAB：同色系的异材质纱线通过提花工艺交织，形成独特的立体浮雕肌理，钥匙与品牌logo图案相互组合，变幻出丰富的视觉效果。,半裙,米白色,精致暗纹,—,—,半身裙,下装,,主料：40.2%绵羊毛，30.8%粘纤 17.9%锦纶，9.6%聚酯纤维，1.5%氨纶，罗纹：49.7%粘纤，18.6%绵羊毛 ，16.5%聚酯纤维，13.0%锦纶 1.3%氨纶，0.9%聚酯薄膜纤维,设计FAB：直筒短半裙则修饰身形，整体造型简洁干练。以白色为主色调，搭配金葱线条，呈现出优雅而奢华的气质。品牌定制的logo贝壳纽扣，为套装增添精致细节，彰显品牌特色。工艺FAB：同色系的异材质纱线通过提花工艺交织，形成独特的立体浮雕肌理，钥匙与品牌logo图案相互组合，变幻出丰富的视觉效果。,,,,,,,,,,,白色,纯色,—,—,—,,,,,,,,,,,,,,,,这套穿搭将优雅与现代感融合在一起，以白色为主色调，搭配金葱线条，呈现出优雅而奢华的气质。上衣为翻领开衫设计，简约大气。品牌定制的logo贝壳纽扣，为套装增添精致细节，彰显品牌特色。同色系的异材质纱线通过提花工艺交织，形成独特的立体浮雕肌理，钥匙与品牌logo图案相互组合，变幻出丰富的视觉效果。...,"A perfect fusion of elegance and modern style, 以白色为主色调，搭配金葱线条，呈现出优雅而奢华的气质。上衣为翻领开衫设计，简约大气。品牌定制的logo贝壳纽扣，为套装增添精致细节，彰显品牌特色。同色系的异材质纱线通过提花工艺交织，形成独特的立体浮雕肌理，钥匙与品牌logo图案相互组合，变幻出丰富的视觉效果。 直筒短半裙则修饰身形，整体造型简洁干练。以白色为主色调，搭配金葱线条，呈现出优雅而奢华的气质。品牌定制的logo贝壳纽扣，为套装增添精致细 perfect for casual outings or everyday wear."
Outfit 34,,RR2256242382A,RR2256464637,,RR2256722508,RR1256520554,https://maistyle01.oss-cn-shanghai.aliyuncs.com/outfit_tryon/woman/Outfit%2034/upload_woman_outfit34_1.jpg,https://maistyle01.oss-cn-shanghai.aliyuncs.com/outfit_tryon/woman/Outfit%2034/upload_woman_outfit34_2.jpg,https://maistyle01.oss-cn-shanghai.aliyuncs.com/outfit_tryon/woman/Outfit%2034/upload_woman_outfit34_3.jpg,,日常休闲,"日常休闲, 周末早午餐, 旅行",,,,,,,,,,,短袖毛衫,白色,花朵与条纹组合图案,短袖,圆领,T恤,上装,,主料：81.5%绵羊毛 ，18.5%山羊绒,设计FAB：在白色基调上加入粉色条纹撞色，为整体造型注入活力与时尚感，在人群中脱颖而出。毛衣采用合体版型设计，完美贴合身体曲线，展现您的优雅身姿。不仅突显了您的身材优势，还为您提供了极大的活动自由度，让您在任何场合都能自信从容。工艺FAB：采用局部提花工艺，精致而不失个性，为毛衣增添了一份艺术感与品牌辨识度，细节中展现独特品味。纱线FAB：这款毛衣采用羊毛与羊绒混纺材质，羊毛的保暖性和羊绒的柔软细腻相得益彰，无论是日常通勤还是休闲出行，提供持久的舒适感受。,半裙(水洗产品),浅蓝色,暗纹图案,—,—,半身裙,下装,,面料：80.6%棉 19.4%粘纤，(含微量其他纤维),设计FAB：小鱼尾侧开衩半裙，有别于以往半裙，下摆隐约的融入了鱼摆般的弧度，整体视觉更显年轻活力。面料FAB：面料为独特的激光勾花处理，通过后期的水洗加持，有别于传统提花，做减法的处理使得面料保持了原有的挺括质感里加入了通透的空隙，视觉呈现出有如提花一般的品质工艺FAB：成品洗水后再次加入了粉色的套色。在清爽的蓝色调里加入了浪漫的粉色光彩。经过特殊的漂洗工艺，将牛仔面料处理成柔和的粉色调，既有牛仔的立体感，又不失高级感。部分工艺会加入轻微破坏、磨白等细节，提升设计感和层次感。,,,,,,,,,,,休闲鞋,粉白拼色,亮片与品牌标识装饰,—,—,鞋,鞋履,,帮面材质：牛皮革+织物,设计FAB：延续经典楦型，以粉色粒面牛皮革为主材，柔和却不失格调的色调展现出温柔且富有格调的时尚表达，适配多样风格服饰，轻松打造轻盈优雅的造型。鞋面点缀了花卉与品牌LOGO的艺术图案，精致的设计语言融合现代工艺，使整体造型更具辨识度与女性化气质。鞋材FAB：鞋底采用品牌定向研发的高性能橡胶材质，底花设计以双R交织而成，既提供卓越的防滑耐磨性能，又增添独特的品牌印记。中底内置PU缓震垫，为步伐提供有力的回弹支撑，兼具缓冲与减震功能，提升长时间穿着的舒适性。鞋舌与鞋口填充12mm空气棉，有效贴合脚型，带来柔软包裹感。内里采用轻盈透气的白色网布，增强透气性，避免闷热感，使步履更为轻松自在。鞋带选用耐磨的混纺材质，经过特殊工艺处理，不易松脱，确保稳固贴合。工艺FAB：独具匠心的五种针法交替运用，使鞋面细节更具层次感。幻彩线的加入，使鞋款在不同光线角度下折射出丰富的色彩变化，展现微妙的光影效果。品牌LOGO采用纯手工缝制的米珠工艺，每颗米珠紧密排列，并搭配银色珠片绣，增强视觉立体感，同时提升鞋款的精致度与价值感。,,,,,,,,,,,这一套服装的设计理念在于细节与质感的平衡，在白色基调上加入粉色条纹撞色，为整体造型注入活力与时尚感，在人群中脱颖而出。毛衣采用合体版型设计，完美贴合身体曲线，展现您的优雅身姿。不仅突显了您的身材优势，还为您提供了极大的活动自由度，让您在任何场合都能自信从容。采用局部提花工艺，精致而不失个性，为毛衣增添了一份艺术感与品牌辨识度，细节中展现独特品味。纱线FAB：这款毛衣采用羊毛与羊绒混纺材质，羊毛的保暖性和羊绒的柔软细腻相得益彰，无论是日常通勤还是休闲出行，提供持久的舒适感受。...,"Designed with a balance of detail and texture, 在白色基调上加入粉色条纹撞色，为整体造型注入活力与时尚感，在人群中脱颖而出。毛衣采用合体版型设计，完美贴合身体曲线，展现您的优雅身姿。不仅突显了您的身材优势，还为您提供了极大的活动自由度，让您在任何场合都能自信从容。采用局部提花工艺，精致而不失个性，为毛衣增添了一份艺术感与品牌辨识度，细节中展现独特品味。纱线FAB：这款毛衣采用羊毛与羊绒混纺材质，羊毛的保暖性和羊绒的柔软细腻相得益彰，无论是日常通 it lets you express confidence and grace effortlessly."
Outfit 38,RR2256162062,RR2256210801,RR2256430762,,RR2256722509,,https://maistyle01.oss-cn-shanghai.aliyuncs.com/outfit_tryon/woman/Outfit%2038/upload_woman_outfit38_1.jpg,https://maistyle01.oss-cn-shanghai.aliyuncs.com/outfit_tryon/woman/Outfit%2038/upload_woman_outfit38_2.jpg,,,日常休闲,"日常休闲, 周末早午餐, 旅行",休闲外套,经典黑,袖侧撞色织带 + 胸口立体 Logo,长袖,立领运动夹克,夹克,上装,,面料：68%绵羊毛，29%棉 3%氨纶，罗纹：43.2%腈纶， 41.5%绵羊毛  ，14.2%聚酯纤维 ，1.1%氨纶 ，里料：100%聚酯纤维,设计FAB：正肩短款的剪裁不挑身材，更好修饰肩部线条，拉伸比例视觉上显高。撞色罗纹袖口和领口不仅更好的保暖防风，也增加了设计丰富度，设计点相互呼应增加整体性。袋口采用白色罗纹打破黑色的沉闷感。袖子两侧加入撞色logo针织织带与下摆logo提花罗纹呼应，低调凸显品牌身份，并且增加了运动休闲感。工艺FAB：胸口logo采用链条绣以及手工珠绣的工艺结合体现了匠人精神，增加设计的精致度，同时提高了品牌辨识度。面料FAB：采用高品质羊毛混纺针织面料，面料柔软透气，弹性佳，具有不错的保暖度，适合春秋季穿着。,短袖T恤,白色,抽象艺术印花,短袖,圆领,T恤,上装,,面料：81%棉，19%锦纶,"设计FAB：含蓄表达钥匙和链条剪影图案，粉紫色搭配，塑造出多层次的视觉肌理，打造具有品牌辨识度的重工款式面料FAB：正反精棉密针织造，纹理细腻，亲肤透气，手感顺滑，光泽高雅。透气锦纶丝保型舒弹，上身挺括有型，有效防止变形、鼓包、起皱起毛球等,时刻保持肌肤舒适、干爽工艺FAB：前胸采用多重工艺叠加，特殊肌理面料贴布绣，搭配珠链，亮片和渐变色绣线绣花结合",针织裤,白色,侧边装饰,—,—,长裤,下装,,34%棉，28%莫代尔纤维，26%聚酯纤维，7%绵羊毛，5%氨纶,设计FAB：微宽松直身版型，上身轻松自在，匹配各种身材，凸显年轻运动风格；松紧腰设计，穿着方便自由调节；两侧插袋简约实用；裤子两侧分割，拼接有品牌定制的撞色织带，有粗细相间的黑白撞色条纹，不仅保持了运动休闲风格，更突出时尚感；袋口定位饰有品牌标志的刺绣细节，与上装的设计细节相呼应。颜色为米白色，简洁百搭，适合各种搭配，兼具活力运动又百搭时髦。面料FAB：轻薄软糯的空气层针织面料，称之为“气囊面料“，织物手感柔软顺滑，兼顾耐磨、抗皱与适度弹性，穿着体验舒适。工艺FAB：外层腰对折，内包4.5cm扁橡筋收，腰下口暗线夹装大身，腰里下口扣光，前中腰面打气眼内穿系绳，腰部一圈车两条线固定橡筋；插袋口压0.6cm止口，两端套结加固，袋布一周拷边。,,,,,,,,,,,休闲鞋,白色,品牌标识与厚底设计,—,—,鞋,鞋履,,帮面材质：牛皮革+织物,设计FAB：延续经典的Rich Max系列鞋型，以极简主义为基调，打造既有造型感又不失实穿属性的都市休闲鞋。鞋面采用白色自然摔牛皮革与白色粒面牛皮革拼接，在同色系中呈现出微妙的质感对比，摔纹的自然肌理与粒面的精致细腻相辅相成，丰富视觉层次，提升搭配多样性。流畅的线条分割设计勾勒鞋身结构，简约而有型，配合侧身立体双R绣花标，聚焦视觉吸引点，兼具时尚与品牌识别度。后跟饰有品牌经典老花图案，延续品牌美学基因，于细节中展现身份识别与质感表达。鞋材FAB：鞋底采用组合结构，中底部分选用轻盈柔韧的EPR材质，具备优异的减震缓冲性能，带来舒适的穿着体验。外底为品牌专属橡胶大底，兼具出色的防滑性与耐磨性，从容应对多变地面。鞋舌与鞋口填充15mm空气棉，贴合脚型的同时提供良好的包裹感与脚踝支撑力。内里采用白色透气网布，轻盈柔软，有效提升透气性与舒适度。工艺FAB：鞋面双R标识采用立体硅胶片，叠加绣花线的创新工艺打造，强化视觉冲击力，打造立体浮雕般的层次感。LOGO边缘使用闪光线包针绣，在不同光线下呈现细腻光泽，增强整体色彩张力，突出独特工艺语言。辅件方面，点缀品牌定向开发的双色金属装饰标与电镀气眼细节，为鞋款增添金属质感，使整体更显精致细腻。整体细节处理考究，彰显设计功力与品牌调性，,,,,,,,,,,,"这款造型以舒适与时尚并存为核心，含蓄表达钥匙和链条剪影图案，粉紫色搭配，塑造出多层次的视觉肌理，打造具有品牌辨识度的重工款式面料FAB：正反精棉密针织造，纹理细腻，亲肤透气，手感顺滑，光泽高雅。透气锦纶丝保型舒弹，上身挺括有型，有效防止变形、鼓包、起皱起毛球等,时刻保持肌肤舒适、干爽前胸采用多重工艺叠加，特殊肌理面料贴布绣，搭配珠链，亮片和渐变色绣线绣花结合...","This look combines comfort and sophistication, 含蓄表达钥匙和链条剪影图案，粉紫色搭配，塑造出多层次的视觉肌理，打造具有品牌辨识度的重工款式面料FAB：正反精棉密针织造，纹理细腻，亲肤透气，手感顺滑，光泽高雅。透气锦纶丝保型舒弹，上身挺括有型，有效防止变形、鼓包、起皱起毛球等,时刻保持肌肤舒适、干爽前胸采用多重工艺叠加，特殊肌理面料贴布绣，搭配珠链，亮片和渐变色绣线绣花结合 微宽松直身版型，上身轻松自在，匹配各种身材，凸显年轻运动风格；松紧腰设 a great choice for both the street and the office."
Outfit 40,,RR2256241380B,RR2256464905,,RR0000000103,,https://maistyle01.oss-cn-shanghai.aliyuncs.com/outfit_tryon/woman/Outfit%2040/upload_woman_outfit40_1.jpg,https://maistyle01.oss-cn-shanghai.aliyuncs.com/outfit_tryon/woman/Outfit%2040/upload_woman_outfit40_2.jpg,https://maistyle01.oss-cn-shanghai.aliyuncs.com/outfit_tryon/woman/Outfit%2040/upload_woman_outfit40_3.jpg,,华丽风格,"约会夜晚, 派对活动, 鸡尾酒活动",,,,,,,,,,,长袖毛衫,黑色,格纹暗纹,长袖,圆领,,上装,,主料：80%绵羊毛 ，20%山羊绒,设计FAB：经典的黑色基础色，易于搭配各种服饰，展现出简约而不失时尚的风格。钥匙与logo图案错落排布，巧妙地融入设计之中，既彰显了品牌特色，又为毛衣增添了一抹独特的时尚感。面料FAB：羊毛羊绒混纺材质，柔软保暖，亲肤舒适，兼具品质与实用性。,半裙,灰色,条纹与亮片、羽毛装饰,—,—,半身裙,下装,,面料：底布:68%绵羊毛 ，28%锦纶 4%其他纤维 ，装饰纱1:100%锦纶，装饰纱2:100%棉 ，装饰及连接线除外，装饰羽毛：禽鸟羽毛，  装饰除外，里料：，100%聚酯纤维,设计FAB：版型为H型包臀短裙，短款设计，长度在膝盖以上，展现腿部线条，增添活力。工艺FAB：工艺设计亮点之一是裙摆处的鸵鸟毛织带，羽毛细长且轻盈，随着身体的移动会产生自然的摆动，增强了裙子的动感和活力。而且羽毛织带是可脱卸，可随喜好自由切换，不仅增强了时尚感，使得裙子在人群中脱颖而出，适合参加派对或者需要彰显个性的场合。                                                                                           面料FAB：意大利进口针织面料，杂灰色的布底上绣有珠片盘带绣，视觉效果丰富且手感柔软舒适，具有一定弹性，包容性高。,,,,,,,,,,,米白,纯色,—,—,—,,,,,,,,,,,,,,,,这款造型整体散发出独特的魅力，经典的黑色基础色，易于搭配各种服饰，展现出简约而不失时尚的风格。钥匙与logo图案错落排布，巧妙地融入设计之中，既彰显了品牌特色，又为毛衣增添了一抹独特的时尚感。面料FAB：羊毛羊绒混纺材质，柔软保暖，亲肤舒适，兼具品质与实用性。...,"This outfit radiates a unique sense of charm, 经典的黑色基础色，易于搭配各种服饰，展现出简约而不失时尚的风格。钥匙与logo图案错落排布，巧妙地融入设计之中，既彰显了品牌特色，又为毛衣增添了一抹独特的时尚感。面料FAB：羊毛羊绒混纺材质，柔软保暖，亲肤舒适，兼具品质与实用性。 版型为H型包臀短裙，短款设计，长度在膝盖以上，展现腿部线条，增添活力。工艺设计亮点之一是裙摆处的鸵鸟毛织带，羽毛细长且轻盈，随着身体的移动会产生自然的摆动，增强了裙子的 it lets you express confidence and grace effortlessly."
Outfit 43,,RR2256250383,RR2256430938,,RR0000000109,,https://maistyle01.oss-cn-shanghai.aliyuncs.com/outfit_tryon/woman/Outfit%2043/upload_woman_outfit43_1.jpg,https://maistyle01.oss-cn-shanghai.aliyuncs.com/outfit_tryon/woman/Outfit%2043/upload_woman_outfit43_2.jpg,https://maistyle01.oss-cn-shanghai.aliyuncs.com/outfit_tryon/woman/Outfit%2043/upload_woman_outfit43_3.jpg,,优雅时尚,"办公室, 约会夜晚",,,,,,,,,,,圆领长袖设计,粉色,领口与口袋处亮片装饰,长袖,圆领,,上装,,主料：89.2%山羊绒 ，6.5%锦纶，4.3%聚酯薄膜纤维,面料FAB：金丝纯绒纱线材质，提供极致柔软与舒适的同时，更赋予其奢华的质感。金丝的细腻光泽与纯绒的温暖质感相得益彰。工艺FAB：领圈和袋贴部分特别装饰了重工彩色工艺织带，为整体造型增添了丰富的色彩和精致的细节。这种设计不仅突显了开衫的独特魅力，更使其在细节处展现出无与伦比的工艺水准。采用单面组织，使得织物表面平整细腻，触感柔软顺滑。这种工艺不仅增强了开衫的舒适度，更使其在视觉上呈现出简洁大方的美感。设计FAB：圆领长袖设计，经典而不失时尚感。合体的版型能够完美贴合身体曲线，展现您的优雅身姿，同时提供极佳的活动自由度。无论是作为外套还是内搭，都能轻松驾驭各种场合，尽显个人魅力。,针织裤,米白色,口袋处精致装饰,—,—,长裤,下装,,面料：86%绵羊毛，14%聚酯纤维+，聚酯薄膜纤维，里料：100%聚酯纤维,设计FAB：版型为长款喇叭裤，修饰腿部线条遮盖腿部缺点，喇叭裤的裤腿从膝盖以下开始逐渐变宽，能够很好地遮盖小腿的粗壮部分，使腿部看起来更加修长和匀称。整体裤型形成一种视觉上的拉伸效果，能够拉长腿部线条，让穿着者显得更高挑。工艺FAB：腰部和袋盖采用进口花纱进行拼接，袋盖上手工缝制定制织带，内里腰头拼接日本进口出芽织带滚绳。更添一份精致感。                                                                                           面料FAB：面料为羊毛针织面料，兼顾了羊毛舒适保暖的特性，还带有独特的金葱纱线，视觉上更为精致。,,,,,,,,,,,裸色,漆皮纯色,—,—,—,,,,,,,,,,,,,,,,这套从上场就很“高级松弛”：粉色圆领长袖开衫细腻柔软，轻盈保暖；自带微微金丝光泽，举手投足都显精致。领口与口袋的彩色织带恰好点亮气色，合体版型不挑身形，单穿或叠搭都精神利落。搭配米白长款针织裤，微喇廓形自膝处展开，顺直包容、显高显腿；羊毛针织兼顾舒适与保暖，金葱纱线带来低调闪烁，腰部与袋盖融合拼接与手工织带细节，内里腰头走线干净，穿脱舒适更显考究。整体色调温柔却不寡淡，质感到位又不过分张扬，是办公室到约会夜晚无缝切换的优雅选择。,"This look reads “quiet luxury” from the start. The blush crew-neck cardigan is soft, light, and warm with a faint, refined sheen; colorful trim at the neck and pockets brightens the face, and the neat, body-skimming cut layers cleanly or stands alone. The ivory knit trousers extend into a gentle flare from the knee, smoothing lines and lengthening the leg. Wool knit delivers comfort and warmth, while subtle lurex adds a discreet glow; refined touches at the waistband and pockets—and tidy inner finishing—underscore craftsmanship and ease. The palette feels tender yet composed, giving texture without showiness. Polished enough for the office and softly romantic for evenings, it’s an elegant day-to-night choice."
Outfit 45,RR2256120200,RR2256220916A,RR2256420708,,RR0000000109,,https://maistyle01.oss-cn-shanghai.aliyuncs.com/outfit_tryon/woman/Outfit%2045/upload_woman_outfit45_1.jpg,,,,精致休闲,"周末早午餐, 约会夜晚",皮衣,黑色,纯色无图案,长袖,翻领夹克,,上装,,材质：，皮料：羊皮革，里料：54.1%聚酯纤维，45.9%粘纤,设计FAB：黑色箱型皮衣，微落肩短款版型，H型版型设计贴合都市通勤及精致优雅女性的需求，微落的肩型增加了包容度和适穿性，门襟搭配品牌定制R字手缝牛角扣，不同材质碰撞的设计增加了整体质感，左袋盖左上处手缝枪色LOGO金属标，精致点缀。面料FAB：新雅斯特绵羊皮，采用优质绵羊原料皮，仿生态面料工艺处理，手感柔软丝滑，赋予丝棉面料触感，抗老化性能优异，透气性能优良，保暖排湿，是一种会呼吸的真皮产品，低铬结合鞣制工艺处理，卫生环保，大部分可自然生物解减。工艺FAB：两边袋盖距上边0.2cm卷边，嵌入0.5cm珠链平整装饰，袋盖呈角型且嵌珠链，优雅通勤基础上添加精致细节点缀，品牌商标垫皮贴标，结合品牌定制贝母锦葵领链，更显精致。,长袖T恤,黑色,领口水钻字母装饰,长袖,圆领,T恤,上装,,面料：78.1%莱赛尔，17.7%绵羊毛，4.2%氨纶,设计FAB：设计重点在领口，圆领的设计简洁大方，能够很好的修饰颈部线条，不规则的拼接钻领设计，增强了时尚感，顺色钻闪耀的同时不突兀。下摆采用不对称设计。拉长视觉效果，修饰身形。工艺FAB：领口以及logo均烫有进口捷克钻，捷克水钻的切割面一般有十几面，能够折射出很耀眼的光芒，在视觉上具有很强的吸引力。且硬度强，光泽感保持时间明显更长。 面料FAB: 这款打底衫采用了高品质的针织面料，面料柔软且具有良好的弹力，穿着舒适且贴身，合适各种体型的人穿着，在保证透气性的情况下，也具备一定的保暖性。,休闲裤,黑色,纯色,—,—,长裤,下装,,面料：68%绵羊毛，29%棉 3%氨纶,设计FAB：修身微喇的版型，从腰部至大腿修身剪裁，小腿处微喇延伸，视觉拉长腿部线条，显瘦显高。口袋及侧缝夹装黑金配色的出芽织带，打破纯色的单调，沿腿部曲线延伸，形成动态视觉引导线。前中烫挺缝线工艺让裤管线条利落笔直，提升整体质感，避免软塌褶皱。后腰的黑金logo刺绣细节，更显精致，与出芽织带的颜色相呼应。  面料FAB：Linton's斜纹羊毛针织面料，斜纹结构增强纵向延展性，即使久坐亦不软塌堆褶，针织面料也能呈现西裤级垂顺度，告别传统针织裤的慵懒感，通勤穿着照样撑起职场专业气场。工艺FAB：脚口侧边留衩，衩装插片，夹装出芽织带，衩止点处暗撬加固。脚口拷边内折，用三角针固定，面上不透针眼。,,,,,,,,,,,裸色,漆皮纯色,—,—,—,,,,,,,,,,,,,,,,从整体搭配上看，设计重点在领口，圆领的设计简洁大方，能够很好的修饰颈部线条，不规则的拼接钻领设计，增强了时尚感，顺色钻闪耀的同时不突兀。下摆采用不对称设计。拉长视觉效果，修饰身形。领口以及logo均烫有进口捷克钻，捷克水钻的切割面一般有十几面，能够折射出很耀眼的光芒，在视觉上具有很强的吸引力。且硬度强，光泽感保持时间明显更长。 面料FAB: 这款打底衫采用了高品质的针织面料，面料柔软且具有良好的弹力，穿着舒适且贴身，合适各种体型的人穿着，在保证透气性的情况下，也具备一定的保暖性。...,"From a styling perspective, 设计重点在领口，圆领的设计简洁大方，能够很好的修饰颈部线条，不规则的拼接钻领设计，增强了时尚感，顺色钻闪耀的同时不突兀。下摆采用不对称设计。拉长视觉效果，修饰身形。领口以及logo均烫有进口捷克钻，捷克水钻的切割面一般有十几面，能够折射出很耀眼的光芒，在视觉上具有很强的吸引力。且硬度强，光泽感保持时间明显更长。 面料FAB: 这款打底衫采用了高品质的针织面料，面料柔软且具有良好的弹力，穿着舒适且贴 a great choice for both the street and the office."